---
build/images/pic01.jpg: 2020-01-20 13:47:30.848275328 -08:00
build/images/pic02.jpg: 2020-01-20 13:47:30.849010479 -08:00
build/images/pic03.jpg: 2020-01-20 13:47:30.849743001 -08:00
build/images/overlay.png: 2020-01-20 13:47:27.012993469 -08:00
build/images/bg.jpg: 2020-01-20 13:47:33.360376263 -08:00
