---
build/images/work.jpg: 2022-08-17 09:25:13.408990736 -07:00
build/images/pic01.jpg: 2022-08-17 09:25:13.407181914 -07:00
build/images/intro.jpg: 2022-08-17 09:25:13.571948585 -07:00
build/images/pic02.jpg: 2022-08-17 09:25:13.407176372 -07:00
build/images/pic03.jpg: 2022-08-17 09:25:13.407582120 -07:00
build/images/overlay.png: 2022-08-17 09:25:10.824033639 -07:00
build/images/about.jpg: 2022-08-17 09:25:13.553061037 -07:00
build/images/bg.jpg: 2022-08-17 09:25:15.741036384 -07:00
